0.58247423 0.99462366
0.58247423 0.99967742
0.58247423 1.00000000
0.58247423 1.00000000
0.58247423 0.99462366
0.58247423 0.99247312
0.58247423 0.99118280
0.58247423 0.99462366
0.58247423 0.99462366
0.58247423 0.99215054
0.58247423 0.98924731
0.58247423 0.98569892
0.58247423 0.98774194
0.58247423 0.98268817
0.58247423 0.97849462
0.58247423 0.97795699
0.58247423 0.97827957
0.57742271 0.97838710
0.57773199 0.97311828
0.57731962 0.97311828
0.57731962 0.97204301
0.57731962 0.97311828
0.57731962 0.96946237
0.57731962 0.96440860
0.57731962 0.95935484
0.57731962 0.95161290
0.57731962 0.94387097
0.57536085 0.93548387
0.57216495 0.93376344
0.57216495 0.93010753
0.57216495 0.92903226
0.57216495 0.93548387
0.57216495 0.92967742
0.57216495 0.92462366
0.57216495 0.91419355
0.56701028 0.91397849
0.56701028 0.90946237
0.56701028 0.90559140
0.56701028 0.89935484
0.56360824 0.89430108
0.56185567 0.89247312
0.56185567 0.88709677
0.56185567 0.87913978
0.55670106 0.87096774
0.55670106 0.86903226
0.55515466 0.85483871
0.55154639 0.85354839
0.55154639 0.84311828
0.55092783 0.82258065
0.54639173 0.82193548
0.54123712 0.81182796
0.54123712 0.80172043
0.53608251 0.78559140
0.53185568 0.77075269
0.53092784 0.75397849
0.52731957 0.72903226
0.52061856 0.71354839
0.51762888 0.69580645
0.51278352 0.67440860
0.50793813 0.65634409
0.50309277 0.63763441
0.49824743 0.61645161
0.48969072 0.59913978
0.48453611 0.57709677
0.47855670 0.55204301
0.46907216 0.53118280
0.46371137 0.51032258
0.45371137 0.48946237
0.44845361 0.46365591
0.43814433 0.44311828
0.42886598 0.42150538
0.41886598 0.39526882
0.40371135 0.37268817
0.39371135 0.35021505
0.39175260 0.31892473
0.37371135 0.29569892
0.36082476 0.27483871
0.35051548 0.25193548
0.34206185 0.22236559
0.33371134 0.20290323
0.31958765 0.18602151
0.30927837 0.17053763
0.30371133 0.15505376
0.27845362 0.13967742
0.27855672 0.12408602
0.26030929 0.11344086
0.25752576 0.10752688
0.40639175 0.09258065
0.39010312 0.09139785
0.32690722 0.09139785
0.27216496 0.08817204
0.24742270 0.07774194
0.56969073 0.06193548
0.96907216 0.05688172
0.88597940 0.05913978
1.00000000 0.00000000
1.00000000 0.00000000
1.00000000 0.00000000
1.00000000 0.00000000
1.00000000 0.00000000
1.00000000 0.00000000
